  3.72725726E+01    1.69623597E+01    3.92822787E+01    2.00238222E+01    1.20251804E+01    1.34410103E+01    1.19836020E+01  
  1.69623597E+01    3.56509579E+01    2.67431848E+01    3.47515358E+01    3.05512991E+01    3.11863655E+01    3.68739118E+01  
  3.92822787E+01    2.67431848E+01    4.45002857E+01    2.89657426E+01    2.18844714E+01    2.32302130E+01    2.32206723E+01  
  2.00238222E+01    3.47515358E+01    2.89657426E+01    3.45637110E+01    2.83018191E+01    2.91988795E+01    3.46635325E+01  
  1.20251804E+01    3.05512991E+01    2.18844714E+01    2.83018191E+01    3.41413524E+01    3.40376819E+01    3.52423019E+01  
  1.34410103E+01    3.11863655E+01    2.32302130E+01    2.91988795E+01    3.40376819E+01    3.40687471E+01    3.53557710E+01  
  1.19836020E+01    3.68739118E+01    2.32206723E+01    3.46635325E+01    3.52423019E+01    3.53557710E+01    4.10064835E+01  
  4.44136210E+01    2.01659170E+01    3.11377355E+01    3.90327148E+01    4.45055125E+01    3.67803881E+01    4.07846379E+01    4.68830923E+01  
  2.01659170E+01    4.21054024E+01    4.43473606E+01    1.39664859E+01    2.39638610E+01    1.24265650E+01    1.59207245E+01    1.49886173E+01  
  3.11377355E+01    4.43473606E+01    4.96922072E+01    2.47912748E+01    3.44476116E+01    2.26933303E+01    2.69112119E+01    2.72567390E+01  
  3.90327148E+01    1.39664859E+01    2.47912748E+01    4.99516721E+01    3.83748790E+01    5.17261129E+01    5.16681959E+01    4.98365154E+01  
  4.45055125E+01    2.39638610E+01    3.44476116E+01    3.83748790E+01    4.53609087E+01    3.65427581E+01    4.06480875E+01    4.67022542E+01  
  3.67803881E+01    1.24265650E+01    2.26933303E+01    5.17261129E+01    3.65427581E+01    5.77530307E+01    5.41692413E+01    5.16077204E+01  
  4.07846379E+01    1.59207245E+01    2.69112119E+01    5.16681959E+01    4.06480875E+01    5.41692413E+01    5.40317338E+01    5.24858031E+01  
  4.68830923E+01    1.49886173E+01    2.72567390E+01    4.98365154E+01    4.67022542E+01    5.16077204E+01    5.24858031E+01    5.70491576E+01  
