  1.80101385E+01    1.77930305E+01    1.45603564E+01    1.51166934E+01    1.94918322E+01  
  1.77930305E+01    1.76975757E+01    1.43397902E+01    1.49900546E+01    1.93781602E+01  
  1.45603564E+01    1.43397902E+01    1.94636752E+01    1.99365954E+01    1.85406256E+01  
  1.51166934E+01    1.49900546E+01    1.99365954E+01    2.05189618E+01    1.92618869E+01  
  1.94918322E+01    1.93781602E+01    1.85406256E+01    1.92618869E+01    2.23476001E+01  
  1.80101385E+01    1.77930305E+01    1.45603564E+01    1.51166934E+01    1.94918322E+01  
  1.77930305E+01    1.76975757E+01    1.43397902E+01    1.49900546E+01    1.93781602E+01  
  1.45603564E+01    1.43397902E+01    1.94636752E+01    1.99365954E+01    1.85406256E+01  
  1.51166934E+01    1.49900546E+01    1.99365954E+01    2.05189618E+01    1.92618869E+01  
  1.94918322E+01    1.93781602E+01    1.85406256E+01    1.92618869E+01    2.23476001E+01  
